# CIS-BP motif database (v2.00)
# Retrieved from: http://cisbp.ccbr.utoronto.ca/data/2.00/DataFiles/Bulk_downloads/EntireDataset//PWMs.zip
# Date: 2019-05-28
>M04341_2.00
0.1494	0.1844	0.3757	0.2905
0.7987	0.0466	0.1547	0.0000
0.0000	0.0422	0.0056	0.9522
0.0000	0.0000	0.9684	0.0316
0.9817	0.0000	0.0183	0.0000
0.0046	0.9772	0.0000	0.0182
0.0738	0.0104	0.1050	0.8108
0.0467	0.9533	0.0000	0.0000
0.9438	0.0000	0.0562	0.0000
0.0286	0.1554	0.0509	0.7652
0.2777	0.4049	0.1680	0.1494
>M04329_2.00
0.1148	0.1410	0.6131	0.1311
0.6063	0.0317	0.3619	0.0000
0.0032	0.0032	0.0065	0.9871
0.0031	0.0092	0.9356	0.0521
0.9839	0.0032	0.0097	0.0032
0.0000	0.9967	0.0033	0.0000
0.0065	0.0000	0.9935	0.0000
0.0000	0.0033	0.0033	0.9935
0.0409	0.9591	0.0000	0.0000
0.9807	0.0129	0.0032	0.0032
0.0180	0.0450	0.0210	0.9159
0.1541	0.5311	0.1508	0.1639
>M05841_2.00
0.1700	0.1910	0.4390	0.2000
0.7080	0.0680	0.2020	0.0210
0.0090	0.0080	0.0060	0.9760
0.0110	0.0090	0.9630	0.0170
0.9760	0.0090	0.0080	0.0070
0.0160	0.9390	0.0260	0.0190
0.0110	0.0070	0.3030	0.6790
0.0510	0.9270	0.0060	0.0160
0.9760	0.0110	0.0050	0.0080
0.0200	0.1160	0.0230	0.8410
0.3560	0.3090	0.2000	0.1350
>M04272_2.00
0.1682	0.1753	0.4952	0.1613
0.6554	0.0395	0.2966	0.0085
0.0035	0.0162	0.0096	0.9707
0.0142	0.0222	0.8945	0.0692
0.9752	0.0090	0.0122	0.0035
0.0048	0.9544	0.0000	0.0408
0.0464	0.0006	0.9530	0.0000
0.0110	0.0099	0.0087	0.9704
0.0673	0.8940	0.0262	0.0126
0.9721	0.0087	0.0154	0.0038
0.0089	0.3047	0.0332	0.6532
0.1747	0.4869	0.1789	0.1595
>M09487_2.00
0.6360	0.0780	0.2760	0.0100
0.0010	0.0010	0.0010	0.9970
0.0010	0.0010	0.9810	0.0170
0.9940	0.0010	0.0040	0.0010
0.0010	0.7850	0.0410	0.1730
0.1650	0.0340	0.8000	0.0010
0.0010	0.0030	0.0010	0.9950
0.0160	0.9820	0.0010	0.0010
0.9970	0.0010	0.0010	0.0010
0.0090	0.2820	0.0800	0.6300
0.1340	0.5290	0.1310	0.2060
0.2810	0.2540	0.2560	0.2090
>M05839_2.00
0.5280	0.1020	0.2740	0.0960
0.0430	0.0250	0.0360	0.8960
0.0310	0.0690	0.6080	0.2910
0.8500	0.0200	0.0660	0.0640
0.0300	0.8250	0.0610	0.0840
0.0830	0.0580	0.8280	0.0320
0.0620	0.0630	0.0230	0.8520
0.2900	0.6050	0.0720	0.0330
0.8940	0.0330	0.0290	0.0450
0.0950	0.2710	0.1050	0.5300
>M07827_2.00
0.5088	0.3436	0.1476	0.0000
0.0000	0.0000	0.0000	1.0000
0.0000	0.0000	0.9537	0.0463
1.0000	0.0000	0.0000	0.0000
0.0969	0.5529	0.3414	0.0088
0.0000	0.0000	0.0000	1.0000
0.0000	1.0000	0.0000	0.0000
1.0000	0.0000	0.0000	0.0000
0.0396	0.5529	0.1057	0.3018
0.1608	0.3877	0.0374	0.4141
0.1696	0.4097	0.2115	0.2093
>M05836_2.00
0.7010	0.0700	0.2120	0.0170
0.0140	0.0340	0.0140	0.9380
0.0240	0.0130	0.8880	0.0750
0.9510	0.0190	0.0140	0.0160
0.0360	0.8160	0.0730	0.0750
0.0270	0.0150	0.3190	0.6380
0.0380	0.8890	0.0320	0.0410
0.9360	0.0300	0.0200	0.0140
0.0420	0.2560	0.0950	0.6070
0.3200	0.3230	0.1190	0.2370
>M07826_2.00
0.1567	0.1348	0.5831	0.1254
0.7022	0.1003	0.1818	0.0157
0.0000	0.0000	0.0000	1.0000
0.0000	0.0000	0.9812	0.0188
0.9969	0.0031	0.0000	0.0000
0.0219	0.5141	0.4420	0.0219
0.0000	0.0000	0.0000	1.0000
0.0219	0.9781	0.0000	0.0000
0.9969	0.0031	0.0000	0.0000
0.0063	0.4984	0.2320	0.2633
0.3918	0.1129	0.1661	0.3292
0.1129	0.4169	0.3135	0.1567
0.3197	0.1850	0.1755	0.3197
>M08069_2.00
0.2680	0.0242	0.3295	0.3782
0.2543	0.3462	0.3688	0.0307
0.0000	0.0000	0.0000	1.0000
0.0000	0.0000	0.9222	0.0778
1.0000	0.0000	0.0000	0.0000
0.0340	0.4789	0.3812	0.1059
0.0000	0.0000	0.0000	1.0000
0.0000	1.0000	0.0000	0.0000
1.0000	0.0000	0.0000	0.0000
0.0088	0.1981	0.0523	0.7408
0.1363	0.2802	0.2686	0.3149
>M08802_2.00
0.2900	0.2640	0.4180	0.0280
0.0120	0.0120	0.0160	0.9600
0.0000	0.0240	0.9340	0.0420
0.9280	0.0240	0.0260	0.0220
0.0000	0.8840	0.0000	0.1160
0.0280	0.0280	0.0080	0.9360
0.0900	0.8600	0.0340	0.0160
0.9620	0.0100	0.0180	0.0100
0.0780	0.3600	0.2160	0.3460
>M07838_2.00
0.1810	0.1286	0.5071	0.1833
0.4690	0.1286	0.4024	0.0000
0.0000	0.0000	0.0024	0.9976
0.0000	0.0000	1.0000	0.0000
1.0000	0.0000	0.0000	0.0000
0.0071	0.9738	0.0095	0.0095
0.0071	0.0000	0.0000	0.9929
0.0262	0.9738	0.0000	0.0000
1.0000	0.0000	0.0000	0.0000
0.0214	0.3286	0.1714	0.4786
0.2095	0.4143	0.1357	0.2405
>M04327_2.00
0.1062	0.1537	0.6080	0.1321
0.7416	0.0073	0.2458	0.0052
0.0000	0.0180	0.0067	0.9753
0.0105	0.0372	0.9022	0.0501
0.9469	0.0190	0.0105	0.0235
0.0030	0.9479	0.0050	0.0441
0.0583	0.0040	0.9343	0.0035
0.0174	0.0204	0.0189	0.9432
0.0587	0.8958	0.0256	0.0199
0.9788	0.0088	0.0124	0.0000
0.0071	0.2910	0.0271	0.6748
0.1559	0.5893	0.1485	0.1062
>M04342_2.00
0.1365	0.1867	0.3921	0.2847
0.7693	0.0467	0.1580	0.0260
0.0034	0.0369	0.0011	0.9586
0.0000	0.0000	0.9728	0.0272
0.8974	0.0586	0.0178	0.0262
0.0000	0.5034	0.4737	0.0228
0.0510	0.0104	0.0458	0.8927
0.0509	0.9491	0.0000	0.0000
0.9397	0.0000	0.0603	0.0000
0.0009	0.1523	0.0511	0.7957
0.2824	0.3886	0.1669	0.1622
>M08068_2.00
0.3404	0.1286	0.2378	0.2932
0.3995	0.0960	0.2593	0.2452
0.3348	0.1438	0.2411	0.2802
0.4049	0.0729	0.4686	0.0536
0.7537	0.0050	0.2413	0.0000
0.0000	0.0000	0.0000	1.0000
0.0000	0.0000	0.9964	0.0036
1.0000	0.0000	0.0000	0.0000
0.0000	0.3094	0.2464	0.4442
0.1524	0.0542	0.7934	0.0000
0.0000	0.1170	0.0000	0.8830
0.2615	0.7344	0.0042	0.0000
1.0000	0.0000	0.0000	0.0000
0.0079	0.1626	0.0716	0.7578
0.3049	0.3224	0.1888	0.1839
>M05837_2.00
0.2090	0.1690	0.3980	0.2240
0.4720	0.1530	0.1990	0.1770
0.1020	0.0570	0.0470	0.7950
0.0470	0.1040	0.4510	0.3980
0.8160	0.0350	0.0850	0.0630
0.0960	0.7790	0.0440	0.0810
0.1300	0.1380	0.6800	0.0520
0.0500	0.0790	0.0260	0.8440
0.0950	0.7910	0.0530	0.0610
0.8600	0.0440	0.0440	0.0520
0.1030	0.1820	0.1350	0.5810
>M07834_2.00
0.2010	0.5369	0.1908	0.0712
0.6718	0.0941	0.1094	0.1247
0.0712	0.0967	0.1170	0.7150
0.1527	0.1170	0.2316	0.4987
0.0662	0.6310	0.1756	0.1272
0.0840	0.5776	0.0560	0.2824
0.2697	0.1527	0.0941	0.4835
0.3053	0.1425	0.3486	0.2036
0.3003	0.2214	0.2316	0.2468
0.2239	0.2163	0.4275	0.1323
0.1450	0.2926	0.3715	0.1908
0.1628	0.1679	0.5496	0.1196
0.4885	0.1908	0.3053	0.0153
0.0051	0.0102	0.0051	0.9796
0.0025	0.0000	0.9338	0.0636
0.9415	0.0000	0.0305	0.0280
0.0407	0.4707	0.4275	0.0611
0.1272	0.0611	0.3639	0.4478
0.0356	0.4631	0.0127	0.4885
0.5140	0.4606	0.0102	0.0153
>M07818_2.00
0.1176	0.2698	0.2819	0.3306
0.1684	0.0588	0.5842	0.1886
0.6673	0.0568	0.2759	0.0000
0.0000	0.0000	0.0000	1.0000
0.0020	0.0081	0.9899	0.0000
0.9858	0.0000	0.0020	0.0122
0.0000	0.9006	0.0771	0.0223
0.0507	0.0081	0.4828	0.4584
0.0061	0.4564	0.0000	0.5375
0.4868	0.4990	0.0041	0.0101
0.5456	0.1521	0.0101	0.2921
0.0568	0.4280	0.1501	0.3651
0.1318	0.4909	0.1359	0.2414
0.1562	0.3306	0.1318	0.3813
0.1460	0.3306	0.1460	0.3773
>M07820_2.00
0.1839	0.1658	0.2591	0.3912
0.1140	0.0492	0.7150	0.1218
0.5415	0.1295	0.3109	0.0181
0.0000	0.0000	0.0000	1.0000
0.0000	0.0000	0.9896	0.0104
1.0000	0.0000	0.0000	0.0000
0.0207	0.5725	0.4041	0.0026
0.0000	0.0000	0.0000	1.0000
0.0000	1.0000	0.0000	0.0000
1.0000	0.0000	0.0000	0.0000
0.0000	0.3264	0.1192	0.5544
0.2824	0.2642	0.2098	0.2435
0.0751	0.4560	0.2565	0.2124
0.1192	0.3523	0.1321	0.3964
0.0777	0.3497	0.1891	0.3834
>M07814_2.00
0.2484	0.1474	0.3579	0.2463
0.4147	0.2968	0.1579	0.1305
0.0758	0.0463	0.0168	0.8611
0.0000	0.0779	0.7832	0.1389
0.9916	0.0042	0.0000	0.0042
0.0253	0.4568	0.4484	0.0695
0.0126	0.0000	0.0000	0.9874
0.1137	0.8632	0.0168	0.0063
1.0000	0.0000	0.0000	0.0000
0.2021	0.0189	0.0484	0.7305
0.5179	0.0947	0.0147	0.3726
0.2737	0.2084	0.0863	0.4316
0.1474	0.3895	0.1095	0.3537
0.2589	0.0947	0.4400	0.2063
0.5137	0.0758	0.2695	0.1411
0.4568	0.0463	0.3347	0.1621
0.7874	0.1095	0.0463	0.0568
0.2611	0.2926	0.2821	0.1642
0.2084	0.1853	0.0968	0.5095
>M07828_2.00
0.1154	0.3117	0.2206	0.3522
0.1680	0.0425	0.4696	0.3198
0.3887	0.1134	0.4919	0.0061
0.0000	0.0000	0.0020	0.9980
0.0000	0.0020	0.9838	0.0142
1.0000	0.0000	0.0000	0.0000
0.0000	0.5789	0.4069	0.0142
0.0020	0.0000	0.0000	0.9980
0.0000	1.0000	0.0000	0.0000
1.0000	0.0000	0.0000	0.0000
0.0040	0.2611	0.1174	0.6174
0.1599	0.3846	0.2308	0.2247
0.0810	0.4939	0.1741	0.2510
0.1377	0.3360	0.1032	0.4231
0.0628	0.3887	0.2206	0.3279
>M08073_2.00
0.4429	0.1141	0.2572	0.1858
0.3584	0.1208	0.3751	0.1456
0.3401	0.1029	0.3952	0.1618
0.4012	0.1024	0.3159	0.1804
0.3784	0.0541	0.3845	0.1829
0.5413	0.0906	0.3681	0.0000
0.0000	0.0000	0.0000	1.0000
0.0000	0.0000	1.0000	0.0000
0.9997	0.0000	0.0000	0.0003
0.0349	0.5206	0.3733	0.0712
0.0182	0.0000	0.0000	0.9818
0.0873	0.9127	0.0000	0.0000
1.0000	0.0000	0.0000	0.0000
0.0343	0.2290	0.2414	0.4953
>M04281_2.00
0.1506	0.3012	0.4009	0.1472
0.5031	0.0308	0.4035	0.0626
0.0141	0.0393	0.0565	0.8901
0.0442	0.1029	0.7969	0.0560
0.9019	0.0347	0.0123	0.0511
0.0146	0.8071	0.0567	0.1216
0.1152	0.0000	0.8848	0.0000
0.0103	0.8299	0.0188	0.1410
0.7334	0.0216	0.2243	0.0208
0.1073	0.2906	0.0574	0.5447
0.1733	0.3613	0.3262	0.1393
>M04038_2.00
0.3745	0.0941	0.5078	0.0235
0.0022	0.0000	0.0301	0.9677
0.0040	0.0000	0.9073	0.0887
0.9494	0.0253	0.0063	0.0190
0.0000	0.9474	0.0274	0.0253
0.0223	0.0587	0.9109	0.0081
0.0308	0.0062	0.0390	0.9240
0.0956	0.8604	0.0440	0.0000
0.9636	0.0000	0.0278	0.0086
0.0409	0.1091	0.1682	0.6818
>M04340_2.00
0.1640	0.2079	0.4229	0.2052
0.6473	0.0603	0.2494	0.0429
0.0000	0.0586	0.0326	0.9088
0.0000	0.0413	0.9216	0.0372
0.9095	0.0416	0.0000	0.0489
0.0148	0.9200	0.0223	0.0429
0.1037	0.0325	0.4365	0.4272
0.0490	0.9261	0.0100	0.0149
0.9596	0.0000	0.0404	0.0000
0.0550	0.2440	0.0480	0.6530
0.2724	0.3710	0.1828	0.1738
>M07819_2.00
0.0835	0.3317	0.4153	0.1695
0.4964	0.2029	0.2936	0.0072
0.0000	0.0000	0.0000	1.0000
0.0000	0.0000	0.8807	0.1193
0.9618	0.0000	0.0263	0.0119
0.0000	0.9499	0.0358	0.0143
0.1265	0.0048	0.8687	0.0000
0.0000	0.0000	0.0000	1.0000
0.0000	0.9976	0.0024	0.0000
1.0000	0.0000	0.0000	0.0000
0.0072	0.5346	0.0024	0.4558
0.0716	0.6014	0.0286	0.2983
0.2148	0.3198	0.2840	0.1814
0.2339	0.3652	0.1671	0.2339
>M08067_2.00
0.3200	0.0196	0.3524	0.3080
0.3917	0.1246	0.4837	0.0000
0.0000	0.0000	0.0000	1.0000
0.0000	0.0000	1.0000	0.0000
1.0000	0.0000	0.0000	0.0000
0.0000	0.5905	0.3637	0.0459
0.0000	0.0000	0.0000	1.0000
0.0400	0.9600	0.0000	0.0000
1.0000	0.0000	0.0000	0.0000
0.0000	0.1327	0.0594	0.8079
0.1495	0.3864	0.3211	0.1431
>M04328_2.00
0.1457	0.2171	0.5429	0.0943
0.7493	0.0261	0.1671	0.0574
0.0262	0.0366	0.0183	0.9188
0.0472	0.0637	0.8278	0.0613
0.8125	0.0000	0.0741	0.1134
0.0000	0.9972	0.0000	0.0028
0.4485	0.0223	0.5292	0.0000
0.0290	0.0845	0.0386	0.8478
0.0835	0.7714	0.0835	0.0615
0.8582	0.0685	0.0440	0.0293
0.0000	0.2126	0.0787	0.7087
0.1994	0.6353	0.0684	0.0969
>M04273_2.00
0.1761	0.1436	0.4522	0.2281
0.7308	0.0152	0.2463	0.0076
0.0000	0.0279	0.0168	0.9553
0.0156	0.0334	0.8283	0.1227
0.8593	0.0184	0.0212	0.1011
0.0098	0.9419	0.0324	0.0159
0.3874	0.0058	0.6030	0.0039
0.0514	0.0249	0.0341	0.8896
0.1195	0.7929	0.0551	0.0325
0.9390	0.0159	0.0451	0.0000
0.0207	0.2363	0.0420	0.7010
0.1930	0.4990	0.1442	0.1637
>M05838_2.00
0.5980	0.1540	0.1990	0.0500
0.0270	0.0220	0.0190	0.9330
0.0140	0.0790	0.7530	0.1550
0.9450	0.0160	0.0170	0.0220
0.0430	0.6860	0.1780	0.0930
0.0620	0.0190	0.2070	0.7120
0.1560	0.7080	0.0440	0.0920
0.8720	0.0260	0.0540	0.0480
>M04284_2.00
0.0497	0.3478	0.4084	0.1941
0.6384	0.0452	0.2425	0.0740
0.0000	0.0000	0.0198	0.9802
0.0085	0.0721	0.9095	0.0099
0.8713	0.0650	0.0447	0.0190
0.0969	0.8307	0.0439	0.0284
0.1623	0.0198	0.2381	0.5798
0.0999	0.8796	0.0205	0.0000
0.8505	0.0000	0.1468	0.0026
0.0698	0.0671	0.0000	0.8631
0.2240	0.4199	0.2939	0.0622
>M04037_2.00
0.6123	0.1584	0.2080	0.0213
0.0000	0.0400	0.0591	0.9009
0.0076	0.0038	0.9885	0.0000
0.9829	0.0000	0.0000	0.0171
0.0110	0.8119	0.1567	0.0204
0.0957	0.0371	0.3613	0.5059
0.0561	0.9367	0.0072	0.0000
0.8993	0.0469	0.0365	0.0174
0.0421	0.3689	0.1197	0.4693
>M07829_2.00
0.1641	0.3085	0.2582	0.2691
0.2144	0.0372	0.4333	0.3151
0.3632	0.1138	0.4989	0.0241
0.0000	0.0000	0.0000	1.0000
0.0000	0.0000	1.0000	0.0000
0.9956	0.0000	0.0000	0.0044
0.0088	0.5974	0.3807	0.0131
0.0000	0.0000	0.0000	1.0000
0.0744	0.9256	0.0000	0.0000
1.0000	0.0000	0.0000	0.0000
0.0109	0.1685	0.1991	0.6214
0.1729	0.3370	0.2626	0.2276
0.1444	0.4245	0.1794	0.2516
0.1751	0.3151	0.1444	0.3654
0.0788	0.3282	0.1751	0.4179
>M08072_2.00
0.7652	0.0485	0.1767	0.0097
0.0000	0.0000	0.0000	1.0000
0.0000	0.0000	0.6707	0.3293
0.7869	0.0000	0.1684	0.0447
0.0000	0.9710	0.0290	0.0000
0.6209	0.2152	0.1640	0.0000
0.0057	0.9943	0.0000	0.0000
1.0000	0.0000	0.0000	0.0000
0.0000	0.1771	0.0348	0.7882
0.1377	0.4618	0.0908	0.3098
0.2828	0.2377	0.1401	0.3394
0.2452	0.2334	0.1332	0.3883
>M07816_2.00
0.1572	0.1195	0.2495	0.4738
0.0922	0.0440	0.7233	0.1405
0.8029	0.0189	0.1782	0.0000
0.0000	0.0000	0.0000	1.0000
0.0000	0.0000	1.0000	0.0000
1.0000	0.0000	0.0000	0.0000
0.0168	0.6184	0.3501	0.0147
0.0000	0.0000	0.0000	1.0000
0.0126	0.9832	0.0042	0.0000
0.9979	0.0021	0.0000	0.0000
0.0105	0.2788	0.0671	0.6436
0.2138	0.2725	0.1887	0.3249
0.0671	0.4528	0.1698	0.3103
0.2495	0.2662	0.1132	0.3711
0.2055	0.2558	0.1719	0.3669
>M05842_2.00
0.3680	0.2440	0.1830	0.2060
0.2220	0.1670	0.2030	0.4070
0.2990	0.1520	0.3090	0.2400
0.1520	0.0670	0.4760	0.3060
0.7310	0.0380	0.2110	0.0200
0.0170	0.0240	0.0170	0.9420
0.0200	0.0130	0.8780	0.0900
0.9320	0.0180	0.0230	0.0260
0.0320	0.9130	0.0270	0.0280
0.0550	0.0520	0.8050	0.0880
0.0580	0.1440	0.0140	0.7840
0.2610	0.6820	0.0140	0.0420
0.9130	0.0180	0.0230	0.0460
0.1330	0.1940	0.1150	0.5580
0.2580	0.3370	0.1750	0.2300
0.2340	0.3830	0.2900	0.0930
0.1700	0.1850	0.3130	0.3320
>M08797_2.00
0.2667	0.1689	0.4133	0.1511
0.4311	0.1467	0.3844	0.0378
0.0000	0.0067	0.0044	0.9889
0.0000	0.0422	0.9333	0.0244
0.9600	0.0133	0.0133	0.0133
0.0000	0.9378	0.0000	0.0622
0.0244	0.0222	0.0067	0.9467
0.0311	0.9533	0.0089	0.0067
0.9533	0.0178	0.0022	0.0267
0.0444	0.3933	0.1644	0.3978
0.1844	0.4289	0.1511	0.2356
>M07836_2.00
0.1402	0.1402	0.5016	0.2181
0.6542	0.1028	0.2336	0.0093
0.0000	0.0000	0.0000	1.0000
0.0000	0.0031	0.8224	0.1745
0.9315	0.0000	0.0685	0.0000
0.0156	0.9128	0.0654	0.0062
0.2741	0.0530	0.6729	0.0000
0.0000	0.0000	0.0000	1.0000
0.0000	1.0000	0.0000	0.0000
1.0000	0.0000	0.0000	0.0000
0.0000	0.2897	0.0000	0.7103
0.0187	0.5047	0.0997	0.3769
0.2056	0.3583	0.1838	0.2523
0.2243	0.3146	0.1433	0.3178
0.1776	0.3053	0.2368	0.2804
>M07817_2.00
0.4076	0.1693	0.4120	0.0111
0.0000	0.0000	0.0000	1.0000
0.0000	0.0000	0.9733	0.0267
1.0000	0.0000	0.0000	0.0000
0.0045	0.5122	0.4388	0.0445
0.0000	0.0000	0.0000	1.0000
0.0000	1.0000	0.0000	0.0000
1.0000	0.0000	0.0000	0.0000
0.0156	0.3497	0.0846	0.5501
0.0334	0.5657	0.1359	0.2650
0.1425	0.5612	0.1069	0.1893
0.1737	0.3452	0.1247	0.3563
0.1336	0.3096	0.2695	0.2873
>M08806_2.00
0.2440	0.1220	0.3780	0.2560
0.5060	0.1180	0.3580	0.0180
0.0120	0.0080	0.0040	0.9760
0.0040	0.0160	0.9560	0.0240
0.9620	0.0080	0.0240	0.0060
0.0520	0.9480	0.0000	0.0000
0.0120	0.0060	0.0040	0.9780
0.0400	0.9220	0.0140	0.0240
0.9620	0.0180	0.0040	0.0160
0.0320	0.3080	0.1620	0.4980
0.2200	0.4040	0.1440	0.2320
>M07835_2.00
0.2715	0.1041	0.4502	0.1742
0.6674	0.0158	0.3054	0.0113
0.0000	0.0023	0.0000	0.9977
0.0000	0.0023	0.9977	0.0000
0.9887	0.0000	0.0068	0.0045
0.0000	0.8281	0.0701	0.1018
0.0158	0.0000	0.0091	0.9751
0.0475	0.9525	0.0000	0.0000
0.9977	0.0000	0.0000	0.0023
0.0249	0.1765	0.2081	0.5905
0.2217	0.3643	0.1900	0.2240
>M04283_2.00
0.0000	0.3830	0.3965	0.2205
0.7403	0.0000	0.1913	0.0684
0.0000	0.0968	0.0000	0.9032
0.0422	0.0330	0.8734	0.0514
0.7201	0.1316	0.0242	0.1241
0.0569	0.4863	0.4471	0.0098
0.1052	0.0389	0.1700	0.6859
0.0515	0.9084	0.0401	0.0000
0.8914	0.0019	0.1067	0.0000
0.0822	0.1027	0.0000	0.8151
0.0926	0.4884	0.2400	0.1789
>M04282_2.00
0.1209	0.3543	0.3825	0.1424
0.3575	0.0468	0.5551	0.0407
0.0112	0.0096	0.0096	0.9696
0.0566	0.0577	0.6844	0.2014
0.9070	0.0030	0.0435	0.0465
0.0048	0.9742	0.0000	0.0209
0.1328	0.0312	0.8198	0.0163
0.0217	0.0418	0.0000	0.9365
0.1232	0.8099	0.0643	0.0027
0.9251	0.0138	0.0535	0.0076
0.1171	0.1971	0.0956	0.5902
0.0860	0.4446	0.3603	0.1091
>M07837_2.00
0.3705	0.1409	0.3091	0.1795
0.3727	0.0841	0.3500	0.1932
0.4409	0.1045	0.3545	0.1000
0.3295	0.0977	0.3932	0.1795
0.3318	0.1250	0.3591	0.1841
0.3750	0.0886	0.4159	0.1205
0.6273	0.0795	0.2773	0.0159
0.0000	0.0023	0.0023	0.9955
0.0000	0.0000	0.9977	0.0023
0.9818	0.0000	0.0000	0.0182
0.0136	0.5000	0.4045	0.0818
0.0000	0.0000	0.0045	0.9955
0.0636	0.9364	0.0000	0.0000
1.0000	0.0000	0.0000	0.0000
0.0341	0.3068	0.1295	0.5295
>M07815_2.00
0.4770	0.2471	0.2759	0.0000
0.0000	0.0000	0.0000	1.0000
0.0000	0.0000	0.9828	0.0172
1.0000	0.0000	0.0000	0.0000
0.0000	0.5690	0.4138	0.0172
0.0000	0.0000	0.0000	1.0000
0.0000	1.0000	0.0000	0.0000
1.0000	0.0000	0.0000	0.0000
0.0345	0.4943	0.1034	0.3678
0.0172	0.7701	0.0517	0.1609
0.2414	0.4655	0.1494	0.1437
>M08803_2.00
0.2020	0.1300	0.3500	0.3180
0.2980	0.2620	0.3660	0.0740
0.0100	0.0040	0.0080	0.9780
0.0100	0.0140	0.9260	0.0500
0.9760	0.0000	0.0120	0.0120
0.0460	0.9540	0.0000	0.0000
0.0640	0.0000	0.0020	0.9340
0.0720	0.8900	0.0340	0.0040
0.9480	0.0120	0.0080	0.0320
0.1140	0.2740	0.3480	0.2640
0.3240	0.3040	0.0980	0.2740
>M08070_2.00
0.2122	0.1981	0.3521	0.2376
0.2975	0.0622	0.4959	0.1444
0.4934	0.0343	0.4723	0.0000
0.0000	0.0000	0.0000	1.0000
0.0000	0.0000	1.0000	0.0000
1.0000	0.0000	0.0000	0.0000
0.0000	0.5802	0.3696	0.0501
0.0000	0.0000	0.0000	1.0000
0.0739	0.9261	0.0000	0.0000
1.0000	0.0000	0.0000	0.0000
0.0433	0.1743	0.3600	0.4224
>M04339_2.00
0.1971	0.1526	0.4620	0.1882
0.8494	0.0593	0.0698	0.0215
0.0027	0.0060	0.0127	0.9786
0.0148	0.0018	0.8671	0.1163
0.9819	0.0060	0.0108	0.0013
0.0000	0.9727	0.0093	0.0180
0.0279	0.0188	0.9481	0.0052
0.0100	0.0146	0.0053	0.9701
0.1087	0.8722	0.0131	0.0060
0.9688	0.0099	0.0212	0.0000
0.0097	0.3864	0.0447	0.5592
0.1615	0.4949	0.1424	0.2012
>M04330_2.00
0.0844	0.2804	0.3895	0.2457
0.5817	0.0167	0.3896	0.0119
0.0000	0.0702	0.0010	0.9288
0.0000	0.0000	0.9860	0.0140
0.9645	0.0169	0.0015	0.0171
0.0000	0.4765	0.5182	0.0052
0.0015	0.0000	0.0199	0.9785
0.0128	0.9872	0.0000	0.0000
0.9439	0.0000	0.0561	0.0000
0.0234	0.0719	0.0292	0.8756
0.2021	0.4164	0.3016	0.0798
>M08795_2.00
0.3680	0.2300	0.3300	0.0720
0.0180	0.0060	0.0100	0.9660
0.0140	0.0280	0.9040	0.0540
0.8460	0.1060	0.0300	0.0180
0.0000	0.7960	0.0000	0.2040
0.0740	0.0180	0.0120	0.8960
0.0560	0.9180	0.0140	0.0120
0.9760	0.0020	0.0120	0.0100
0.0880	0.2920	0.2060	0.4140
